237
7
166
122
113
195
24
159
229
23
113
61
132
61
19
179
221
24
21
60
50
16
167
240
182
80
146
242
134
138
24
124
241
76
235
145
199
251
7
144
106
143
103
90
17
191
65
110
175
14
16
191
7
157
55
3
253
89
213
164
184
207
246
171
13
204
116
11
194
237
110
211
240
66
1
100
190
203
155
7
70
112
180
7
29
177
150
25
225
121
178
186
87
16
171
125
246
170
219
88
59
225
1
58
241
196
156
14
25
152
89
22
99
220
246
191
161
130
190
218
87
233
56
1
37
157
45
61
61
107
41
116
225
27
104
52
194
78
250
187
184
11
97
238
82
45
82
103
200
174
53
158
188
5
149
99
191
29
224
112
203
203
27
232
23
89
69
81
241
218
114
200
94
65
202
70
54
230
117
68
156
147
53
66
214
12
242
219
41
53
150
250
102
66
2
183
87
29
68
1
