0
0
0
0
0
0
0
0
0
0
0
0
0
0
0
0
0
0
0
0
0
0
0
0
0
0
0
0
0
0
0
0
-32768
100
0
0
0
0
0
0
0
0
0
0
0
0
0
0
0
0
0
0
0
0
0
0
0
0
0
0
0
0
0
0
0
0
0
0
0
0
0
0
0
0
0
0
0
0
0
8192
0
0
0
0
0
0
0
0
0
0
0
0
0
0
0
0
1
-1
0
0
0
0
0
0
0
0
0
0
0
0
0
0
0
0
0
0
0
0
0
0
0
0
0
0
0
0
0
0
2
-2
0
0
0
0
0
0
0
0
0
0
0
0
0
0
0
0
0
0
0
0
0
0
0
0
0
0
0
0
0
0
64
-64
0
0
0
0
0
0
0
0
0
0
0
0
0
0
0
0
0
0
0
0
0
0
0
0
0
0
0
0
0
0
128
-128
0
0
0
0
0
0
0
0
0
0
0
0
0
0
0
0
0
0
0
0
0
0
0
0
0
0
0
0
0
0
8192
-8192
0
0
0
0
0
0
0
0
0
0
0
0
0
0
0
0
0
0
0
0
0
0
0
0
0
0
0
0
0
0
16384
-16384
0
0
0
0
0
0
0
0
0
0
0
0
0
0
0
0
0
0
0
0
0
0
0
0
0
0
0
0
0
0
1000
1000
1000
1000
1000
1000
1000
1000
1000
1000
1000
1000
1000
1000
1000
1000
1000
1000
1000
1000
1000
1000
1000
1000
1000
1000
1000
1000
1000
1000
1000
1000
32767
-32767
32767
-32767
32767
-32767
32767
-32767
32767
-32767
32767
-32767
32767
-32767
32767
-32767
32767
-32767
32767
-32767
32767
-32767
32767
-32767
32767
-32767
32767
-32767
32767
-32767
32767
-32767
-8893
8170
2318
-12340
-4740
13529
-19879
-3514
10371
-7100
-5561
-776
12217
-5234
-3637
-3558
18071
17914
8225
3164
6041
12212
-7666
9632
-10272
-5224
7431
-11704
-1147
-7059
-2094
-22926
-14512
-5733
7598
-1422
23
5638
-7205
2323
-6598
-14153
-3202
4701
2774
-97
19598
3383
8018
18335
-10601
-8510
14284
-6538
243
8760
7297
14376
12252
8760
-6330
6512
2575
-10865
11611
6613
373
-1909
-9816
1635
3837
-6809
9521
-8988
-17392
8517
-3304
-1032
-6861
-13156
10283
-5643
13607
6613
-2578
-8896
-6000
-9933
17098
1347
9422
-10382
1483
9649
-2744
8447
-8885
-11170
3108
-3106
5260
-16203
5835
21285
-202
280
1471
-15253
3491
-13152
-3504
10182
-6023
4106
8296
2283
-11231
-2724
16051
-16589
-2259
-4523
989
6129
13178
-2214
6655
4094
3886
-4620
-8170
-9012
-6197
2635
6234
2650
-4497
14795
12443
-2900
-6746
1067
10382
2726
4559
-1737
3738
12653
-1963
1174
2079
2324
-11566
-15375
-8353
1376
4537
-4347
11282
-1173
166
-1589
1098
5771
5453
-7360
12482
-8970
649
-2248
-8593
-615
-6069
597
3302
12058
2518
-5007
-3208
1147
766
11957
11431
-2940
-4494
-20947
-4497
-8012
-2907
3208
1452
-245
1635
-1033
1614
-26469
-2206
-908
-2796
-1785
5762
-4900
18028
5639
-52
-1693
-709
-7498
-780
2283
4748
4749
-2252
-11601
-5481
13207
7341
3028
-6237
30
-10286
-4521
-2009
-2963
7836
-11622
-7090
-11261
-10136
1016
-13111
6176
-2022
564
2643
-3557
8458
-1592
4867
-1631
2383
2291
2048
-7982
3571
-2613
5165
-17633
-12002
2977
15261
6841
-5591
-13861
6084
-660
4839
945
243
24237
-50
-1305
-995
-4780
8111
-2898
5210
2331
9986
3442
-9940
-10867
11537
-4987
-10818
-5486
10360
-11634
-7098
-5462
-10250
-9702
-12436
-3778
-2907
-5591
-13547
10267
-10888
2278
-8804
5475
7830
-7189
-15759
5700
15367
3405
1315
6715
6267
-6791
-5400
5006
-1180
10786
-5770
6149
2807
-1036
9633
5571
-8233
5245
11264
-1069
-2037
-5486
-111
5621
-6698
-11029
-3078
-11303
4286
-3495
-14380
-2856
-1578
3679
-1191
15309
-4249
-511
-843
-2315
1167
4434
10978
-12855
-4181
-3668
7683
-2922
-15525
719
-276
1473
-8521
14082
-2653
-1543
-7373
-7627
-10017
-3222
-7845
16847
-15471
-9243
-3288
5517
-3389
5537
-8084
486
14287
-7928
3437
1695
-18445
-4825
9266
1107
-9931
5659
-3925
2950
3088
-9164
6470
-8254
-10697
-7232
-2835
896
-6329
6102
2060
-5692
7283
9511
-808
-1761
-14531
-3338
-2388
2010
-1380
1999
12567
-4341
-4022
-10725
-71
8002
-14345
-5455
294
6964
3136
2666
-1838
3948
8309
-14000
5968
-809
-4342
-20014
-11308
13910
-5641
-8886
-3739
-6104
1019
12427
-4806
1264
-9398
12453
1549
-8862
7408
9830
1323
-13430
14624
2541
9588
-4513
-3266
905
9121
1171
-10296
2146
13349
539
1060
-10343
-11493
-5224
-2675
852
1360
13123
481
8720
-322
11869
-15322
-4905
8053
-1406
7631
3154
7749
5022
5519
12226
8081
8141
167
-4767
-5403
6152
-19976
-10708
-7891
-2029
-21557
10311
4917
16258
8702
8441
18438
-4677
-12316
-1903
-6758
-2104
-8603
4652
4202
-221
2552
-1164
6161
570
-2175
7615
10329
10956
-8112
-4378
-13939
-1954
3409
-1088
15818
-3325
-8917
4657
1228
4503
2489
1997
-17386
-5948
-4836
-2851
-3673
3382
4922
-9270
5626
4799
3816
-11615
3609
677
7872
14617
13009
923
-15
5177
-9134
-11884
-3871
9999
-2713
12309
-22840
-13002
-1013
7276
-570
-784
-997
-14442
9487
-5593
8925
-578
8750
2812
-874
1854
-12067
49
14058
10717
-8069
4143
2031
6694
771
-1913
10901
1773
10285
7982
-2658
-1368
15809
1569
-6215
-9831
7980
1313
-6489
5526
1309
-13603
4823
10921
20970
286
1906
13161
1382
2256
-5166
-11423
7477
-10433
9344
-6457
2173
-3050
9622
2465
16049
-8877
3390
388
2293
13074
4795
-9401
4371
-3405
-3878
8568
-4934
-3111
265
7751
4764
-1920
-2230
-9504
-6225
-5361
-1223
16276
-5533
-2423
-16813
4920
-12922
-7427
8539
-17244
786
6561
12496
-7537
-5112
14782
-205
-6031
-5878
-7967
-3602
8915
7273
-9620
1758
-3294
6410
-1281
3044
-1299
-17917
385
-10418
6120
-5569
-4956
-73
4733
-1391
13453
13507
14053
-1920
-12140
9995
-3411
313
5147
-13144
13346
7168
2886
7298
4563
957
-2521
-6055
2353
2959
8874
1644
-6989
-12912
-1045
-225
-804
-12538
8802
8787
-6744
6603
7806
315
-7770
13217
3121
-2056
6331
13289
-4073
5664
15918
-9147
-4499
-4898
-1297
-1720
2464
-6721
-5101
2468
1269
7160
3353
6323
-9363
-3141
15142
3212
6123
2234
3484
-1892
29258
-3245
-314
-19864
9063
-4524
-498
-4326
-1136
-2329
-353
-433
-1263
-1375
10719
7221
7270
-6000
10296
9270
-4533
12483
-5597
-15090
9024
-979
8003
-6178
-10336
10091
-11528
-12788
-15774
-22892
-8512
-17772
-292
-18321
-8964
19104
2827
433
-13277
-2012
394
-13150
1034
9759
-2853
-1616
-16729
-11463
8665
-5419
-7616
-5674
-471
-9490
1036
-11141
6341
-8659
10816
-82
-6928
7467
-11260
-4482
-1
-993
-16454
-7542
1378
-10813
10375
4057
-4213
-1805
15250
7668
3115
-11596
13350
8621
-1216
-4503
-1539
-9846
-3857
6252
-14808
-2573
932
848
-9658
-9684
8922
-10031
8263
-3952
8846
-3449
-9556
7017
-142
11867
7309
-1879
-3684
191
1558
-7223
6897
-3255
-3465
-4429
1892
-5669
1106
22664
-439
-3555
-13662
411
-9087
-3077
1242
-14180
1290
2495
-10626
-3214
-14997
12907
2708
-1471
-1339
9269
-771
2710
12441
-2836
-8951
-6754
11704
749
-4115
7976
8175
-3897
-7962
-12866
-14696
-2171
-7317
15225
480
-15910
11622
1325
5775
5587
2429
4287
1956
-9064
3004
8388
-1721
4516
3437
14874
-2071
-2392
-958
-839
-18617
-5264
2457
-68
-6548
-5446
-2913
-6566
-4203
-4419
7335
8326
7648
3496
-5803
7863
-2574
189
10963
688
2026
-11573
3990
-8028
8290
-1512
-18319
-2933
-1868
3977
5493
-2685
8297
-25945
-5849
-9112
-10274
7862
6793
-6355
9651
831
-3454
-5676
-6376
3873
5326
1954
-16795
2428
4632
-5482
354
-15269
-10076
-2656
-2537
2881
-9723
-2795
-4012
4325
11641
14098
-12849
-393
-9114
-530
3465
668
-402
12149
5906
-2234
198
7134
4995
-3482
-14543
-9705
1196
-14635
-1248
-3716
8186
-10797
-15825
-3438
5200
8765
-7449
3852
-9105
-6134
4650
5883
-8187
3890
-15307
-1660
-9292
-6617
-10454
4535
4537
-5662
3077
2140
-1052
17680
-6888
117
-3133
-3046
1306
-2412
-7049
1018
9686
7723
1663
-6024
1527
8885
9758
2947
-2985
-1661
6325
5623
-14399
5395
5827
-7268
-6267
-6203
-5573
-11606
2565
-6437
-577
-4076
2090
-8279
2009
3193
6780
16120
-17138
2624
-5809
-15770
6895
10913
-3208
1728
-525
3557
7213
2826
2833
10320
-1349
7562
-6734
13165
6044
-3308
-17322
-3
-9681
2455
11888
1311
-1458
2803
2340
-19357
1974
5081
-2125
8016
-1046
6283
18621
-790
-15910
-2757
-14138
5007
10726
5701
2624
-5283
12908
6171
2330
1678
914
3705
-5024
12495
1248
4916
-3552
3071
-18692
-9161
-257
-10834
19984
-13665
2834
13564
3943
-2541
-4523
5515
-6556
-979
5662
-2522
717
-2491
-7945
9742
11412
-2594
-2176
-1457
4414
-7416
-725
2154
5260
-22781
3305
2833
8255
-4311
-4246
9851
-12805
13346
20938
3911
6669
-12203
-5690
8666
2964
-1486
1908
4153
-2401
-237
-297
-8620
2651
14775
14188
-12095
4675
5534
-3363
-7899
-10820
-3643
2867
-1295
-5005
-10233
2873
8737
-7593
3674
-15397
-5386
5977
-9157
-4952
11616
-6003
-6996
4717
16013
-1963
6297
11025
2667
-2211
-7179
-11675
9107
1482
10918
8101
-5054
-9723
3381
-5181
3086
-5990
-7055
-1155
7652
2511
9653
-10105
-8660
-730
17741
5524
-8738
-624
1808
-4659
5024
-1282
-2452
10324
-14006
-7879
-6695
-6944
-5970
4002
8983
7504
-8352
-880
3705
1966
10697
-5532
1281
-3221
2057
-8838
-7610
-5981
-4618
12681
9629
-1742
1417
-13062
-1469
1308
9385
2677
3546
2439
2204
-11442
-3414
11755
6749
4049
547
5402
-7741
-12944
-3130
4407
883
8306
2879
367
10875
9276
-804
-9036
-7433
-1323
-3005
13580
-13764
-526
-8735
957
3132
-3317
4346
-1627
-1470
-3423
5332
1135
12888
10404
4537
-17690
-12160
8079
-3896
1924
-5165
4243
7848
-9909
-6665
-13629
1912
-13642
-2999
4257
16860
3018
10264
2123
2533
-1728
-3140
9621
3069
2755
-4982
-2827
16937
-553
10864
-4262
6566
2374
-3307
5313
-12644
4707
6446
2237
10739
-558
-1222
2908
7108
4668
-1856
-8153
5435
-6468
-6703
-5363
473
-6523
-9304
-5397
-1502
3721
551
-8851
1873
2644
-3727
-6523
-6526
-4357
18139
-7283
2179
-5850
-4145
-5785
6563
3106
-1060
4120
6090
-6969
4483
-5879
6864
6064
3307
-1720
-4310
-2160
6301
-5590
407
-14317
2133
-8483
-10798
4249
1723
-3632
-2475
18604
-1590
-1648
5344
714
8089
2273
6235
3632
5286
-349
1823
-2220
4949
-11027
5949
8176
6077
-853
4139
-6362
6858
-9005
4864
4364
3332
-3663
6227
-15051
6367
1568
8609
1639
15058
-7715
4992
-7258
-1035
6082
5124
17036
-2879
10535
-2083
-5742
-13295
1333
-4271
6943
-4329
-3904
2905
14100
-8918
8336
7161
-1810
5533
-2329
19426
-918
659
-2669
-13873
-2156
1901
12296
4030
-1551
491
2682
-3104
5589
13313
-2975
9892
7179
4401
917
2767
-1781
15048
-5885
9297
12695
-2647
9551
1179
511
-611
-13220
4489
11826
-5773
6941
-698
-8951
8175
13812
-6507
1768
-11794
-344
3982
14360
12760
13455
-4318
-2008
-13634
-5859
-11893
2994
-5710
-9023
-2912
-9707
2531
2330
-2586
-5986
-10973
4549
1874
3804
-2510
-1785
11813
-4920
-2561
6094
2481
-16766
-13827
-5414
7457
5502
4256
5142
-7938
4924
-7547
7760
-4183
2307
-15356
-11050
8935
5667
-9977
10532
-8936
164
-3933
-7565
9568
13803
1460
12501
-2304
887
1077
-9476
4092
5814
-1421
-13859
3012
-12411
-6646
1077
-6305
2078
-1853
-13357
1376
4805
8294
-3003
-504
-12248
16096
12329
-261
-1023
-24004
8481
4611
6659
-3320
-3846
-10121
6373
10258
9207
1534
-2676
-8618
-5749
3830
-2331
13446
9440
-4930
-9959
-4493
8728
-4292
4473
-4636
2811
4327
8076
11741
10733
-4343
-1204
-9614
-1931
199
-3309
-4125
8455
7434
3270
-10465
1646
-3148
10778
-14764
-4578
-4806
-3822
7844
-19271
-1704
6969
8029
-4498
-5569
2836
1237
569
-31141
-9234
-7072
5268
-11803
-8574
-1265
-10548
5266
-3206
15015
-5159
-4721
6590
-5369
12383
3956
-2489
-1317
23353
4003
1233
-1086
8496
-12438
-1484
-23213
-4370
6946
11323
4964
5243
-14057
-5557
12078
-4291
-1114
-6599
-7649
-3852
-5415
7844
1764
8347
-11364
10039
176
15068
-432
-12234
10520
-1118
-17630
1189
1894
8816
-29389
9412
-3888
15780
-14076
4467
3373
-3458
-6339
-3062
-2840
-10268
8135
-8947
8382
-14655
-1452
-1330
-129
7834
-1658
-3751
-1633
8036
-9876
-8361
-16029
16607
-9501
-15445
-6627
-5017
12005
-3808
2390
-14670
1704
-13507
-2569
-6225
477
5197
-10944
-9310
1586
5630
11611
-3866
-12218
1529
-6510
-7573
11536
5069
-5964
-153
-702
1352
-3325
-15565
-7998
-4358
230
-8866
1526
-3123
-6222
-10406
3658
3475
6555
4500
5113
3130
-14405
-2287
-11734
11217
-115
10402
-8440
-753
2158
-2711
1538
12142
-8453
-21610
13112
-6485
9196
5340
-1775
3116
-9343
704
4866
-6343
-3115
2561
10840
-26
-3528
-1199
9504
-5255
-2460
-5179
-1674
1751
8470
-17405
4551
-7304
4858
10155
8156
1294
6836
-7728
-556
12448
-6466
1616
-3024
-1598
3327
-2208
-28
-4134
-14951
1582
3600
11323
-1080
-11425
-6177
4427
-692
2288
-2892
15317
14156
-7632
7447
2491
111
-7043
13284
9546
-11937
11334
-314
-4897
-8000
7740
3276
-7161
-6645
-3175
-4198
4324
3103
-5207
-13578
-10928
7127
-8149
910
-14444
3253
15725
-10880
4503
2232
7519
-1075
2235
1491
4693
-6874
1577
6638
9568
4061
-9273
-12727
3347
-8287
6917
-2358
8287
17415
-511
-950
8303
8716
13940
1610
-5184
63
-5109
1965
-7113
7389
5714
1139
210
-1609
10750
9727
1194
-7018
-9641
2356
-5227
3899
-3168
6339
1699
8176
-18300
-1860
18160
-20506
6903
3424
10532
-1422
9751
9969
1612
-9536
7479
-7974
-1125
7757
8946
-2850
5136
-12636
-3870
12033
11005
5482
-1162
6941
-190
1378
724
-6353
5947
-8765
6356
-7869
-5915
-23272
-1279
1550
6775
10739
-12208
8068
-3801
-590
-862
-3682
-7290
2287
6645
-10320
-159
-5153
8978
4043
12359
-12687
8472
1333
-5941
4008
12829
13145
6736
-8123
2538
2805
10175
-1351
128
-5354
5473
-1765
1524
-3847
387
-8851
1318
-4936
5729
15134
6928
-9174
-2943
-13187
111
-14534
-9842
8981
7054
-12455
-3665
3797
3215
-13330
2130
-4980
9819
-1640
2943
-894
5460
-6292
5474
9904
15037
12974
-4392
4728
6615
4834
6172
3473
-4467
1697
6937
3781
-8981
-7189
-3353
-1678
1288
-8004
6512
-15217
4331
4150
5276
-25125
-11053
-2889
1379
-667
-6666
10511
2654
-3234
-8090
559
10311
288
-263
543
988
-1910
-7970
12526
5222
17344
4076
-1895
-7748
-2703
-9445
17186
-140
6439
7880
8855
20872
-782
-1490
1347
6132
1465
-2202
-5865
-6343
2208
-8183
-14861
944
9524
5422
-147
3301
-13493
-5650
13747
9700
-5829
14371
-5881
-6744
12582
10713
-4821
-402
-2799
4130
12840
4359
-933
-11029
6373
-10018
-1533
7850
6646
6871
5726
1195
2475
754
3953
4385
1092
4209
-5610
-2515
1888
15757
4333
-1104
-1804
6096
-797
5221
4191
-10208
3873
3814
6526
-6857
8963
-1366
16288
14356
-4981
-11217
5712
-6717
9400
4341
-11908
6407
1124
3376
12485
-1064
6210
-4902
-4701
-1787
-5082
4652
-10842
6796
-6238
3094
-9727
3914
8880
80
12687
-1146
3370
-7581
3592
-4654
-5901
12944
-10406
-940
5839
1918
-15133
4947
-11297
-3631
-2001
-23921
-868
5455
-1393
1515
18529
9220
486
21193
-5213
4257
-12916
3263
-913
498
3035
2294
-8787
-3140
50
-11708
6575
15425
2487
-4323
-18857
-12459
2779
10342
-1803
-12183
-7135
-4688
-15831
-2544
7310
-13777
-4585
-16583
-6710
-1213
8366
3733
-9695
770
-2736
-105
-1634
2567
1484
7098
955
13844
4254
12110
5900
-5511
10182
9701
-23528
-4493
11819
8638
-11964
7035
14150
4970
-12090
-6421
3281
-1766
10467
5990
16082
8361
4526
-2575
11505
45
-8404
395
-752
-8139
6782
-1150
3241
-6397
-1349
6343
-2022
-2993
17894
2590
6007
6113
794
4322
-7971
11864
10215
1558
52
-10155
8432
-2089
4995
-11802
5173
-1436
98
-11615
5563
-5018
-385
6588
-702
16271
-7363
1970
3386
-8347
716
-1596
1850
3716
11454
2361
4482
12282
-12978
-2140
313
-12743
628
-19299
5780
-12110
-10250
4295
-13661
16825
955
-795
9857
-653
1971
-1277
-4111
3041
4301
-10430
-7219
-5402
-242
2832
17663
2253
-1428
-5856
8071
-98
2800
-6
4510
3922
3063
31
765
3132
-15763
-279
8035
-3935
-17122
-11346
616
-5904
1097
-151
-3843
-7496
1601
565
-1015
7147
1649
-4883
-2938
-507
1009
10948
13829
-3842
-8351
-4447
3442
6822
-3343
-7489
3132
5108
8476
-5224
2694
-13367
-866
5886
12155
2475
-1980
-11518
1871
5175
8304
1992
-7827
4534
13843
-2150
-6574
-2701
-108
-4288
5786
3529
-2739
-162
-12608
2632
-11418
-2272
-3779
3822
-3638
-385
12249
-12857
927
7080
-5143
171
-11152
-13179
5916
-2680
-10754
-3878
4952
4516
8583
-4129
-5140
2711
8193
-3068
7850
-2732
16691
-14088
12573
-12267
10020
703
-3714
-7445
-7603
5585
3771
-1544
-218
-7138
-1086
7257
-7435
4269
-3780
-12514
8697
-11255
-3808
8759
-6449
7721
-3674
-767
15438
9304
706
-5357
220
13514
17793
-5078
11831
-12926
4819
3067
8529
-6819
1196
-15252
-5161
-139
1593
22872
-4173
171
-9437
-15453
7359
7417
-11268
-13843
-5209
13656
-12191
5585
1077
-2472
-4953
2007
-2546
-3271
-1700
9106
1744
565
11326
-2197
11738
-5536
4351
-2647
-561
-5269
-2420
-5739
3300
-6757
4395
19227
-12739
-19432
-8095
6089
-5826
4731
7776
-2057
7248
-18592
6836
6548
-815
8221
11804
15834
15903
455
-1157
-640
-21909
5719
19246
4635
-11645
-8149
-7688
13575
4116
5228
2896
-9105
-7733
5577
706
-15222
6439
11606
52
-2588
11189
-1603
-5028
-12603
-4024
15294
9534
978
-48
8107
838
-10354
1182
1438
106
2109
-5676
1270
-13134
-7542
-1998
4936
-2436
3606
8378
19827
-2401
-5273
316
1626
4474
6656
-2313
5955
671
10055
-2284
1149
2214
9278
-34
-8492
-13891
8471
5245
13615
757
709
1469
-4391
-5766
3591
9673
4946
-3940
3479
1446
-4615
-10015
-6804
9793
2078
-4990
627
5004
-4425
-6267
-14552
8917
4816
5484
4603
-16610
898
3686
579
-19262
-1022
-2108
8499
-851
-4261
-4266
5922
5509
-1753
-3268
-18858
-16725
-6844
-1179
-6480
-12404
-302
-179
10725
-2939
-1922
-5874
21331
5282
-6786
-16138
-10558
-7530
-11156
-972
-8330
-13148
5223
-12624
-20917
7676
14667
330
5624
5500
19294
-8113
-3720
-3597
444
-1698
-674
1169
16204
2245
6795
5471
2920
-2182
6593
-14341
12615
5468
823
-103
1801
6665
3792
11185
14049
8962
-12219
-4270
8006
17452
-4808
4916
10059
868
-9978
16018
-7112
-6063
2199
452
-7515
13732
4265
7417
-354
-56
10837
-4261
-2918
3819
7408
7432
-7719
-8875
-6949
7241
7230
2627
2432
-13528
2613
-12889
6764
-2583
1985
-1748
-657
-9125
-1383
-517
1693
4462
3935
2209
-5344
-10646
-8212
-6697
6933
8811
-6525
-9503
-13292
-5109
3406
-8910
9717
3004
8734
-6525
5834
-9088
5667
11803
11683
-4352
-7228
-1358
12870
-11160
-12397
-16757
772
-13920
9756
13441
-1121
19604
1913
-4136
-4271
11739
6495
-16632
-15403
-12038
-4855
-10640
-6263
-6740
-9179
17363
11626
14582
13749
-580
906
-7599
1216
-8194
-13127
-6283
7145
795
4939
140
-7526
4256
777
10780
11100
-2427
994
-7335
-7043
-4723
4031
-4262
12660
3879
-2200
8321
-6020
-5279
11037
-10704
-1226
-3110
-6010
8076
7066
5548
189
5256
-16402
-3315
307
-4830
1522
19517
923
3370
1661
-9814
-12190
-13273
2303
-16706
5266
-1656
3702
-10869
12719
-484
-15510
10105
-10431
-10010
-9811
-2542
4811
4572
20655
-5435
-3741
-11171
-8985
9180
-4121
3701
262
-8604
-6752
-15361
-1663
648
-2490
8138
-10851
381
-8223
3119
-7346
6657
5221
2726
2115
2341
2730
4357
-2906
-9182
-359
4203
4191
14173
-4090
-11557
-4463
-3462
-6594
-8513
-1117
-566
-8506
-9375
3031
3863
-6706
-1409
4068
1071
12801
-10995
-12753
5921
2868
-4490
8907
-5284
4193
-1470
-6349
-3473
9597
-3164
12356
1273
-2077
-8227
5542
1689
-641
818
-995
-9803
5362
15214
13910
865
-2077
693
-5090
2302
3068
-9854
-2694
7161
7377
-10308
8977
-2340
-219
-1335
-17315
3449
-13178
6800
-10667
8685
1893
4984
-5874
-14819
-8036
2628
3742
-7050
10858
-156
-13438
2206
-6330
6735
1843
1233
-2366
9202
-7446
2755
344
-8466
-617
-7751
16715
8322
-13384
-3691
4994
9615
7142
15603
1094
10501
-9496
7131
-1717
-1202
11310
7935
-1377
20908
10312
-3619
-19848
2276
-3204
-5133
-4060
1254
10772
-8031
-577
-1653
-6748
2304
14517
5048
583
-3595
383
-14070
-493
-1584
3910
7770
6106
-1081
-4239
-5140
-6404
-5039
-1009
-9996
3631
-889
-6839
-5244
6872
7407
19568
4646
-5535
-5908
3188
6600
11532
-7162
827
-9516
3112
-8302
11922
-6374
4990
1238
402
-14781
-746
-8024
-4792
4004
22261
15550
4232
3157
-2874
-8200
3629
-3641
14387
17583
17534
-5206
-4156
-9920
5312
-7003
-4946
-7271
-4562
13547
-20207
4308
-6606
19204
6783
-8346
-5003
-4669
9426
13881
1258
-1173
8550
224
3833
1813
-6457
11168
-4849
15874
9668
1587
-10189
13728
2584
7320
12099
-9175
2979
-3088
2617
3745
-13628
-1868
734
-10259
-6024
1021
5622
-1202
-5724
-8226
-2927
-6546
4877
2073
-5327
1868
19091
6163
2086
5875
10357
-12463
-3491
-5055
-5289
17320
4180
9141
2449
22551
-16466
-3968
-3610
-2857
7492
739
5329
8539
1847
5968
-3606
-5283
-7260
691
-7816
-8765
5336
-7622
4648
-2639
-4741
7443
8129
1755
11551
-13775
8854
-6585
-1891
2937
-5682
-349
-3496
-1865
17240
-15210
-1759
3218
-9271
-1378
2481
2942
6742
