0 0
16063 3191
-15128 -6264
-9096 13615
0 23151
4520 -22712
0 0
12686 -11784
334 1639
7440 -312
13563 -4841
5630 17303
17434 -2959
2339 -197
14804 -2504
-10516 4064
-13049 -1847
14493 8914
-8184 -9786
-4957 4133
5615 -2404
-3188 13771
-12532 -4021
4645 -8203
-13530 -952
-5370 -15055
-7140 -12068
7650 1710
-11029 -5684
-11925 6225
-1882 -11287
-3009 -9355
8523 1832
11603 9975
-8297 5083
7206 1624
9056 -7485
-2587 -4485
-15014 77
371 8572
-4866 -1991
3824 -12203
1499 -14826
-6466 7587
10318 -6705
-2163 4388
-18731 -2568
-12052 9550
-975 7229
379 -776
-7054 -13512
-7216 -2404
16446 -6105
-5262 16046
-2363 10927
12211 3586
8827 12215
15691 -5673
-14399 -6062
-4013 7989
-2236 -10587
9091 8480
-454 14628
-15685 4010
-4674 -9406
3764 -2665
-8985 5063
4257 -16804
-7615 14481
-865 -17582
-650 8277
12207 -3131
11217 -599
-13065 -13574
12048 -7828
-7845 -14821
3233 -4628
-8040 8380
1409 -4959
-11150 -6028
-12321 -13199
8262 1781
-3129 11887
-13128 9265
-459 2300
-916 19737
3514 12093
-11715 14524
-11735 -5268
1676 1134
3734 -15142
7845 14511
10000 10648
6385 -8961
-13256 -5363
12964 4389
11369 10552
16445 -9813
-4428 -15259
5063 10416
-6454 -6579
1131 -5357
11622 9266
6468 10194
-13928 1869
11223 2216
4364 15497
20067 -2302
7888 -6627
-1133 -11564
-20056 -8096
401 -10169
12535 5591
-11452 14279
-8117 -4438
-9883 -9379
2947 -18970
190 7372
-3126 -2017
-9703 14720
-12632 -4166
12020 15737
-14006 762
-9677 6917
-16833 -27
4788 8913
-7969 3030
-15656 -8112
11084 4347
1275 -2802
4167 923
-4454 8507
-7831 -3201
3935 13693
10118 -16770
12299 11467
2413 -11578
7358 2477
8484 10531
-6302 -4661
2652 5891
-12160 3986
13417 -9056
10885 5565
-948 8815
7979 7901
-557 -2482
5523 -3626
2796 1501
-8618 -13032
-4552 16005
-502 -11494
-16145 13488
-6592 -6891
-5052 -2940
16656 -3984
-17525 4732
-13192 860
-9962 12574
-4254 12853
-8029 -13637
2279 8110
-15416 1258
-2158 -1479
-11617 -2016
10888 5043
4962 -2996
-11360 -2616
4627 -14753
-11441 3216
-971 -533
11032 217
3646 15920
-11017 9531
-2218 -13990
-7109 -2274
1467 1773
13817 6544
-7023 -8456
-8129 8794
3334 -6032
-1027 -11105
-2576 16832
-4734 191
-13871 -1014
10051 11455
6250 -4195
-537 -15041
3485 -9035
-7225 -11371
5036 -19688
-1946 8015
11875 -11793
4336 5130
-8848 -97
-2535 10783
-3530 10584
8344 -1979
-11772 750
6530 7328
