0 0 2048
32767 0 2048
-32768 0 2048
0 32767 2048
32767 32767 2048
-32768 -32768 2048
1 -1 2048
-18176 -29490 2048
3280 -670 2048
-3512 -14479 2048
-19334 -21373 2048
22534 -28603 2048
-28863 -20488 2048
-4111 -2273 2048
-29290 -6706 2048
22219 -3875 2048
26110 3695 2048
-31917 -11842 2048
22624 11829 2048
3653 -12389 2048
-4547 11350 2048
-19372 -20612 2048
17029 -20092 2048
14284 12314 2048
1903 -27073 2048
27449 -16407 2048
16847 -22440 2048
5659 14632 2048
-7565 -23652 2048
-26762 -2897 2048
5162 -22310 2048
-2256 -19530 2048
17055 3666 2048
26661 15051 2048
-11449 15752 2048
13798 -5308 2048
2225 -23410 2048
-10337 -681 2048
-11351 27821 2048
16967 2614 2048
-3983 9736 2048
-25437 -2747 2048
-28561 8579 2048
19813 2325 2048
-24093 -5115 2048
8477 -4899 2048
32667 19088 2048
27374 -14042 2048
1950 -14467 2048
-443 1670 2048
23387 19582 2048
14679 -4022 2048
-14637 31918 2048
-20853 -26593 2048
-18397 -12735 2048
-11799 22565 2048
-24442 17664 2048
17251 28580 2048
185 -31264 2048
-17754 2205 2048
11819 -18147 2048
5701 24217 2048
-12038 26702 2048
-32343 1754 2048
-9352 -18821 2048
6349 -6697 2048
-12736 16241 2048
-11594 -32694 2048
9719 31274 2048
-30216 -18106 2048
14808 7538 2048
-1383 -25176 2048
-1197 -22446 2048
-21542 30931 2048
-23697 -16285 2048
-15940 29528 2048
-11125 1973 2048
22693 -5008 2048
-6403 8089 2048
19528 16176 2048
24654 26409 2048
-16908 -275 2048
-3317 -24376 2048
11545 -30011 2048
-2607 -3904 2048
-31826 -23463 2048
-25052 -2761 2048
-23934 -28651 2048
10541 -23481 2048
-1573 3732 2048
30856 -4688 2048
-15426 29185 2048
-918 29225 2048
20586 -7811 2048
-20405 -20064 2048
23730 13670 2048
22751 21115 2048
28445 -25668 2048
-19869 -24824 2048
20004 11705 2048
-18446 -177 2048
-7656 -7837 2048
26032 -14395 2048
22528 -8718 2048
3741 27869 2048
-26 -22888 2048
25314 -19935 2048
-26138 -30834 2048
-20544 -1786 2048
-10970 20501 2048
30885 30324 2048
-4752 19797 2048
-25083 -11189 2048
16904 -32486 2048
18405 1992 2048
26870 4620 2048
22676 31020 2048
-12479 -7878 2048
6122 -4234 2048
-25103 -24779 2048
8336 -25276 2048
-26196 29725 2048
-12133 -25313 2048
-22268 -8412 2048
-23787 -23861 2048
-1940 20155 2048
-17055 -497 2048
-27559 -22023 2048
22180 8699 2048
1411 -5996 2048
8412 -1483 2048
2046 19108 2048
-15614 6553 2048
27161 8673 2048
-23260 -31548 2048
27300 -19664 2048
-23166 -4830 2048
1992 -15407 2048
12977 -23752 2048
-750 15666 2048
4585 -12092 2048
24665 6883 2048
-31743 6472 2048
-19191 -15167 2048
1896 -17639 2048
-18739 -12394 2048
2929 4162 2048
-5161 12174 2048
-6083 1832 2048
31264 146 2048
-26110 -20671 2048
22750 3497 2048
-26990 -32304 2048
10951 -15622 2048
1567 -11590 2048
25144 23289 2048
-31501 -18105 2048
-22906 -13232 2048
-28046 15625 2048
-13358 23565 2048
-16064 -27286 2048
7636 15027 2048
-27539 14130 2048
-5233 -62 2048
-19295 13589 2048
20496 -12511 2048
-1739 -11469 2048
-9562 21272 2048
-29520 -9259 2048
10772 21196 2048
-241 2202 2048
-11902 -18600 2048
17372 -27693 2048
28926 -3614 2048
-6610 27564 2048
13062 7233 2048
-2937 -3549 2048
-29667 -7455 2048
19459 10257 2048
3749 -23669 2048
3817 13257 2048
19618 10636 2048
-29151 -17650 2048
1469 -9363 2048
2027 -27754 2048
-18560 24191 2048
12541 8346 2048
24431 -17611 2048
17720 -7854 2048
618 -26951 2048
24386 -32547 2048
-6943 14971 2048
23763 -23597 2048
10511 8377 2048
-16434 6595 2048
7770 20760 2048
9985 19975 2048
5984 -16085 2048
-7624 22340 2048
16927 -9958 2048
